1|600410.SH|1|1|1
1|600580.SH|1|2|2
0|300059.SZ|1|3|3
1|601609.SH|1|4|4
0|002104.SZ|1|5|5
0|002536.SZ|1|6|6
1|601606.SH|1|7|7
0|300033.SZ|1|8|8
0|002298.SZ|1|9|9
0|300803.SZ|1|10|10
1|601929.SH|1|11|11
0|002837.SZ|1|12|12
1|601162.SH|1|13|13
0|002939.SZ|1|14|14
0|002549.SZ|1|15|15
1|600110.SH|1|16|16
1|600143.SH|1|17|17
1|603757.SH|1|18|18
0|002097.SZ|1|19|19
0|002173.SZ|1|20|20
0|000066.SZ|1|21|21
1|601138.SH|1|22|22
1|600619.SH|1|23|23
0|000901.SZ|1|24|24
1|600366.SH|1|25|25
0|002148.SZ|1|26|26
1|600208.SH|1|27|27
1|601727.SH|1|28|28
0|300547.SZ|1|29|29
0|002342.SZ|1|30|30
0|002272.SZ|1|31|31
1|600967.SH|1|32|32
1|603256.SH|1|33|33
0|300539.SZ|1|34|34
1|600203.SH|1|35|35
0|300436.SZ|1|36|36
1|600839.SH|1|37|37
0|002598.SZ|1|38|38
1|600111.SH|1|39|39
1|600601.SH|1|40|40
0|000561.SZ|1|41|41
0|000970.SZ|1|42|42
0|002611.SZ|1|43|43
0|300870.SZ|1|44|44
0|301217.SZ|1|45|45
1|600113.SH|1|46|46
0|002364.SZ|1|47|47
0|002579.SZ|1|48|48
1|600737.SH|1|49|49
1|601519.SH|1|50|50
1|688775.SH|1|51|51
0|002670.SZ|1|52|52
1|600030.SH|1|53|53
0|002017.SZ|1|54|54
0|002915.SZ|1|55|55
0|301526.SZ|1|56|56
1|601696.SH|1|57|57
1|603158.SH|1|58|58
0|002782.SZ|1|59|59
1|603516.SH|1|60|60
0|002645.SZ|1|61|61
1|601208.SH|1|62|62
1|688110.SH|1|63|63
0|002418.SZ|1|64|64
1|600255.SH|1|65|65
0|300730.SZ|1|66|66
0|300065.SZ|1|67|67
1|603626.SH|1|68|68
1|600392.SH|1|69|69
0|300814.SZ|1|70|70
1|600021.SH|1|71|71
1|600326.SH|1|72|72
0|002518.SZ|1|73|73
1|600183.SH|1|74|74
1|688256.SH|1|75|75
0|002052.SZ|1|76|76
1|600775.SH|1|77|77
1|600592.SH|1|78|78
0|002080.SZ|1|79|79
0|000070.SZ|1|80|80
1|605169.SH|1|81|81
1|600673.SH|1|82|82
1|603002.SH|1|83|83
0|300274.SZ|1|84|84
0|002050.SZ|1|85|85
1|605588.SH|1|86|86
0|002131.SZ|1|87|87
0|002951.SZ|1|88|88
0|000977.SZ|1|89|89
0|300017.SZ|1|90|90
0|003022.SZ|1|91|91
0|300690.SZ|1|92|92
1|688585.SH|1|93|93
0|300570.SZ|1|94|94
0|002987.SZ|1|95|95
0|300502.SZ|1|96|96
1|603686.SH|1|97|97
1|603601.SH|1|98|98
0|301076.SZ|1|99|99
0|002195.SZ|1|100|100
1|603800.SH|1|101|101
0|300468.SZ|1|102|102
0|300145.SZ|1|103|103
1|603019.SH|1|104|104
0|300476.SZ|1|105|105
0|002402.SZ|1|106|106
1|600176.SH|1|107|107
1|688648.SH|1|108|108
0|300620.SZ|1|109|109
0|301123.SZ|1|110|110
0|000158.SZ|1|111|111
0|002176.SZ|1|112|112
1|600749.SH|1|113|113
0|002896.SZ|1|114|114
1|600246.SH|1|115|115
0|002551.SZ|1|116|116
0|002241.SZ|1|117|117
0|002334.SZ|1|118|118
0|002657.SZ|1|119|119
1|603767.SH|1|120|120
0|002562.SZ|1|121|121
0|002636.SZ|1|122|122
1|600150.SH|1|123|123
1|601099.SH|1|124|124
0|002261.SZ|1|125|125
1|603222.SH|1|126|126
1|600698.SH|1|127|127
0|300499.SZ|1|128|128
0|000501.SZ|1|129|129
1|603300.SH|1|130|130
0|002909.SZ|1|131|131
0|301018.SZ|1|132|132
0|002673.SZ|1|133|133
0|002594.SZ|1|134|134
0|002366.SZ|1|135|135
1|601718.SH|1|136|136
0|300724.SZ|1|137|137
0|300047.SZ|1|138|138
0|300085.SZ|1|139|139
0|002354.SZ|1|140|140
0|300432.SZ|1|141|141
0|002851.SZ|1|142|142
0|002941.SZ|1|143|143
1|600570.SH|1|144|144
1|600678.SH|1|145|145
0|002245.SZ|1|146|146
0|002911.SZ|1|147|147
0|002011.SZ|1|148|148
1|688108.SH|1|149|149
1|600010.SH|1|150|150
0|300199.SZ|1|151|151
1|600513.SH|1|152|152
0|300308.SZ|1|153|153
1|603688.SH|1|154|154
0|300322.SZ|1|155|155
1|600519.SH|1|156|156
1|601088.SH|1|157|157
0|002456.SZ|1|158|158
0|300584.SZ|1|159|159
0|003040.SZ|1|160|160
0|002235.SZ|1|161|161
0|300368.SZ|1|162|162
2|430476.BJ|1|163|163
0|002335.SZ|1|164|164
0|002008.SZ|1|165|165
1|688306.SH|1|166|166
0|300561.SZ|1|167|167
0|301616.SZ|1|168|168
1|600416.SH|1|169|169
0|002370.SZ|1|170|170
0|000068.SZ|1|171|171
0|002265.SZ|1|172|172
1|603259.SH|1|173|173
0|300843.SZ|1|174|174
1|603528.SH|1|175|175
1|603025.SH|1|176|176
0|002873.SZ|1|177|177
0|301632.SZ|1|178|178
0|002553.SZ|1|179|179
0|002466.SZ|1|180|180
0|002046.SZ|1|181|181
1|601012.SH|1|182|182
1|603993.SH|1|183|183
0|300486.SZ|1|184|184
1|600797.SH|1|185|185
0|002879.SZ|1|186|186
1|600860.SH|1|187|187
1|600460.SH|1|188|188
0|300456.SZ|1|189|189
0|300024.SZ|1|190|190
0|300352.SZ|1|191|191
1|600900.SH|1|192|192
1|601669.SH|1|193|193
1|600522.SH|1|194|194
0|301128.SZ|1|195|195
0|000700.SZ|1|196|196
0|002158.SZ|1|197|197
0|000938.SZ|1|198|198
1|605006.SH|1|199|199
0|000558.SZ|1|200|200
0|002049.SZ|1|201|201
1|603280.SH|1|202|202
0|002307.SZ|1|203|203
1|600438.SH|1|204|204
1|601137.SH|1|205|205
1|603607.SH|1|206|206
1|600895.SH|1|207|207
0|002600.SZ|1|208|208
0|002249.SZ|1|209|209
0|002510.SZ|1|210|210
1|600126.SH|1|211|211
0|000063.SZ|1|212|212
0|000880.SZ|1|213|213
0|300395.SZ|1|214|214
0|002797.SZ|1|215|215
0|002236.SZ|1|216|216
1|688981.SH|1|217|217
0|002384.SZ|1|218|218
1|603221.SH|1|219|219
1|688141.SH|1|220|220
1|600095.SH|1|221|221
0|300339.SZ|1|222|222
1|600571.SH|1|223|223
1|688199.SH|1|224|224
1|600276.SH|1|225|225
0|002660.SZ|1|226|226
0|002130.SZ|1|227|227
0|001269.SZ|1|228|228
0|002229.SZ|1|229|229
0|301069.SZ|1|230|230
1|600581.SH|1|231|231
0|002475.SZ|1|232|232
0|300255.SZ|1|233|233
0|300815.SZ|1|234|234
1|605598.SH|1|235|235
0|002639.SZ|1|236|236
1|600196.SH|1|237|237
0|002463.SZ|1|238|238
1|600629.SH|1|239|239
1|600733.SH|1|240|240
0|002669.SZ|1|241|241
1|603406.SH|1|242|242
0|300655.SZ|1|243|243
1|600711.SH|1|244|244
0|002185.SZ|1|245|245
0|002484.SZ|1|246|246
0|000657.SZ|1|247|247
0|300346.SZ|1|248|248
0|300204.SZ|1|249|249
0|000811.SZ|1|250|250
1|603986.SH|1|251|251
0|300300.SZ|1|252|252
1|688347.SH|1|253|253
0|002820.SZ|1|254|254
1|601398.SH|1|255|255
1|688041.SH|1|256|256
0|002871.SZ|1|257|257
0|002583.SZ|1|258|258
1|600744.SH|1|259|259
1|600666.SH|1|260|260
0|300766.SZ|1|261|261
1|603667.SH|1|262|262
0|002317.SZ|1|263|263
0|000617.SZ|1|264|264
0|002709.SZ|1|265|265
0|002230.SZ|1|266|266
0|002413.SZ|1|267|267
1|600658.SH|1|268|268
0|300684.SZ|1|269|269
1|600353.SH|1|270|270
0|000545.SZ|1|271|271
0|002203.SZ|1|272|272
1|600584.SH|1|273|273
0|002491.SZ|1|274|274
1|603903.SH|1|275|275
1|603123.SH|1|276|276
0|002044.SZ|1|277|277
1|600192.SH|1|278|278
1|600699.SH|1|279|279
1|688183.SH|1|280|280
1|603161.SH|1|281|281
0|300398.SZ|1|282|282
1|603155.SH|1|283|283
0|300706.SZ|1|284|284
0|002093.SZ|1|285|285
0|300068.SZ|1|286|286
1|601688.SH|1|287|287
0|002625.SZ|1|288|288
0|000712.SZ|1|289|289
0|300377.SZ|1|290|290
0|300124.SZ|1|291|291
1|600589.SH|1|292|292
0|300324.SZ|1|293|293
1|600171.SH|1|294|294
0|003020.SZ|1|295|295
0|300657.SZ|1|296|296
1|603716.SH|1|297|297
0|000858.SZ|1|298|298
1|600053.SH|1|299|299
0|002771.SZ|1|300|300
0|301489.SZ|1|301|301
0|002415.SZ|1|302|302
1|601288.SH|1|303|303
0|002747.SZ|1|304|304
0|300394.SZ|1|305|305
0|002217.SZ|1|306|306
0|002156.SZ|1|307|307
0|301397.SZ|1|308|308
1|600076.SH|1|309|309
0|002570.SZ|1|310|310
2|832225.BJ|1|311|311
0|300718.SZ|1|312|312
1|600206.SH|1|313|313
0|002313.SZ|1|314|314
0|000519.SZ|1|315|315
1|603153.SH|1|316|316
0|002281.SZ|1|317|317
0|002074.SZ|1|318|318
0|300046.SZ|1|319|319
0|300229.SZ|1|320|320
0|300237.SZ|1|321|321
0|000630.SZ|1|322|322
1|601211.SH|1|323|323
0|301293.SZ|1|324|324
0|002721.SZ|1|325|325
0|300290.SZ|1|326|326
0|002993.SZ|1|327|327
0|300773.SZ|1|328|328
0|000737.SZ|1|329|329
0|000887.SZ|1|330|330
0|002365.SZ|1|331|331
0|002276.SZ|1|332|332
1|605188.SH|1|333|333
0|002460.SZ|1|334|334
1|600160.SH|1|335|335
1|603912.SH|1|336|336
1|603610.SH|1|337|337
0|300750.SZ|1|338|338
0|300807.SZ|1|339|339
0|000831.SZ|1|340|340
0|003029.SZ|1|341|341
0|301511.SZ|1|342|342
0|300153.SZ|1|343|343
1|603093.SH|1|344|344
1|601689.SH|1|345|345
1|600879.SH|1|346|346
1|600172.SH|1|347|347
1|600877.SH|1|348|348
1|600930.SH|1|349|349
0|000795.SZ|1|350|350
0|002471.SZ|1|351|351
1|600211.SH|1|352|352
1|601318.SH|1|353|353
1|601360.SH|1|354|354
1|601868.SH|1|355|355
0|300136.SZ|1|356|356
0|300224.SZ|1|357|357
0|001359.SZ|1|358|358
0|301029.SZ|1|359|359
0|002371.SZ|1|360|360
1|601600.SH|1|361|361
1|601127.SH|1|362|362
1|600329.SH|1|363|363
1|600006.SH|1|364|364
1|603380.SH|1|365|365
0|000725.SZ|1|366|366
1|601878.SH|1|367|367
0|000034.SZ|1|368|368
1|600657.SH|1|369|369
1|601888.SH|1|370|370
1|688098.SH|1|371|371
0|301176.SZ|1|372|372
1|603893.SH|1|373|373
0|002459.SZ|1|374|374
1|600487.SH|1|375|375
0|301357.SZ|1|376|376
0|000625.SZ|1|377|377
0|002085.SZ|1|378|378
0|002938.SZ|1|379|379
0|300128.SZ|1|380|380
0|002437.SZ|1|381|381
0|000815.SZ|1|382|382
1|603501.SH|1|383|383
0|001236.SZ|1|384|384
0|300727.SZ|1|385|385
0|300801.SZ|1|386|386
0|300602.SZ|1|387|387
1|603881.SH|1|388|388
1|600745.SH|1|389|389
0|001696.SZ|1|390|390
0|000750.SZ|1|391|391
1|603098.SH|1|392|392
1|603186.SH|1|393|393
0|301005.SZ|1|394|394
1|601177.SH|1|395|395
1|600200.SH|1|396|396
0|300593.SZ|1|397|397
0|300188.SZ|1|398|398
1|601989.SH|1|399|399
0|000065.SZ|1|400|400
1|601899.SH|1|401|401
0|002240.SZ|1|402|402
1|688733.SH|1|403|403
0|300015.SZ|1|404|404
1|600415.SH|1|405|405
0|000989.SZ|1|406|406
0|002409.SZ|1|407|407
0|000409.SZ|1|408|408
0|002094.SZ|1|409|409
0|002940.SZ|1|410|410
0|001298.SZ|1|411|411
1|688017.SH|1|412|412
1|600170.SH|1|413|413
1|600435.SH|1|414|414
0|002174.SZ|1|415|415
1|600268.SH|1|416|416
1|603617.SH|1|417|417
0|000651.SZ|1|418|418
0|002533.SZ|1|419|419
0|300400.SZ|1|420|420
0|300637.SZ|1|421|421
0|300115.SZ|1|422|422
1|601919.SH|1|423|423
1|600986.SH|1|424|424
0|000988.SZ|1|425|425
0|300289.SZ|1|426|426
0|300433.SZ|1|427|427
0|002126.SZ|1|428|428
0|300458.SZ|1|429|429
0|301117.SZ|1|430|430
1|600481.SH|1|431|431
0|000538.SZ|1|432|432
1|600036.SH|1|433|433
0|300251.SZ|1|434|434
0|300077.SZ|1|435|435
0|002886.SZ|1|436|436
1|603005.SH|1|437|437
1|600318.SH|1|438|438
0|300693.SZ|1|439|439
2|835184.BJ|1|440|440
0|002201.SZ|1|441|441
0|300296.SZ|1|442|442
0|000100.SZ|1|443|443
0|001212.SZ|1|444|444
0|002278.SZ|1|445|445
0|002251.SZ|1|446|446
0|002177.SZ|1|447|447
1|600703.SH|1|448|448
0|300474.SZ|1|449|449
1|688008.SH|1|450|450
1|601988.SH|1|451|451
1|600105.SH|1|452|452
0|001287.SZ|1|453|453
0|002190.SZ|1|454|454
0|301038.SZ|1|455|455
0|300249.SZ|1|456|456
0|300083.SZ|1|457|457
0|002340.SZ|1|458|458
0|301291.SZ|1|459|459
1|600610.SH|1|460|460
0|300442.SZ|1|461|461
0|300166.SZ|1|462|462
1|603273.SH|1|463|463
1|688219.SH|1|464|464
0|300348.SZ|1|465|465
0|300731.SZ|1|466|466
1|688716.SH|1|467|467
0|002558.SZ|1|468|468
1|600157.SH|1|469|469
0|002263.SZ|1|470|470
0|002908.SZ|1|471|471
0|002065.SZ|1|472|472
1|600588.SH|1|473|473
0|300759.SZ|1|474|474
0|002206.SZ|1|475|475
1|601881.SH|1|476|476
0|002916.SZ|1|477|477
0|002651.SZ|1|478|478
0|002031.SZ|1|479|479
1|600887.SH|1|480|480
1|603031.SH|1|481|481
0|002062.SZ|1|482|482
0|002681.SZ|1|483|483
0|301630.SZ|1|484|484
1|600475.SH|1|485|485
1|600884.SH|1|486|486
1|600536.SH|1|487|487
1|600418.SH|1|488|488
1|600760.SH|1|489|489
1|600309.SH|1|490|490
0|300748.SZ|1|491|491
1|601890.SH|1|492|492
0|002565.SZ|1|493|493
1|601995.SH|1|494|494
1|603290.SH|1|495|495
1|600031.SH|1|496|496
0|301251.SZ|1|497|497
1|603367.SH|1|498|498
0|000333.SZ|1|499|499
0|000536.SZ|1|500|500
0|002179.SZ|1|501|501
0|002259.SZ|1|502|502
0|002121.SZ|1|503|503
0|300380.SZ|1|504|504
0|000026.SZ|1|505|505
0|002328.SZ|1|506|506
0|002715.SZ|1|507|507
0|300496.SZ|1|508|508
1|600298.SH|1|509|509
1|601778.SH|1|510|510
0|000818.SZ|1|511|511
0|300007.SZ|1|512|512
1|600864.SH|1|513|513
0|300763.SZ|1|514|514
1|600114.SH|1|515|515
0|002622.SZ|1|516|516
0|000776.SZ|1|517|517
0|300236.SZ|1|518|518
0|002439.SZ|1|519|519
1|601615.SH|1|520|520
1|601788.SH|1|521|521
1|603080.SH|1|522|522
0|002918.SZ|1|523|523
0|300014.SZ|1|524|524
1|600330.SH|1|525|525
1|603127.SH|1|526|526
1|600875.SH|1|527|527
1|688584.SH|1|528|528
0|002676.SZ|1|529|529
0|002819.SZ|1|530|530
0|002537.SZ|1|531|531
1|600178.SH|1|532|532
1|600050.SH|1|533|533
1|603083.SH|1|534|534
0|002975.SZ|1|535|535
1|600184.SH|1|536|536
1|601985.SH|1|537|537
1|603799.SH|1|538|538
1|688519.SH|1|539|539
0|300951.SZ|1|540|540
1|603337.SH|1|541|541
0|300100.SZ|1|542|542
0|000338.SZ|1|543|543
0|300591.SZ|1|544|544
0|000783.SZ|1|545|545
1|688265.SH|1|546|546
0|002219.SZ|1|547|547
0|000099.SZ|1|548|548
0|300541.SZ|1|549|549
0|300122.SZ|1|550|550
0|002165.SZ|1|551|551
1|600360.SH|1|552|552
0|002965.SZ|1|553|553
1|688318.SH|1|554|554
0|000980.SZ|1|555|555
1|603486.SH|1|556|556
0|002273.SZ|1|557|557
0|000002.SZ|1|558|558
0|000417.SZ|1|559|559
0|000062.SZ|1|560|560
0|300418.SZ|1|561|561
1|688660.SH|1|562|562
0|300671.SZ|1|563|563
0|002338.SZ|1|564|564
1|603936.SH|1|565|565
0|002555.SZ|1|566|566
1|601933.SH|1|567|567
1|600835.SH|1|568|568
1|600498.SH|1|569|569
0|300260.SZ|1|570|570
1|603897.SH|1|571|571
0|300223.SZ|1|572|572
0|002423.SZ|1|573|573
1|600958.SH|1|574|574
0|301389.SZ|1|575|575
0|002161.SZ|1|576|576
0|002414.SZ|1|577|577
0|002164.SZ|1|578|578
1|605196.SH|1|579|579
0|002734.SZ|1|580|580
0|300102.SZ|1|581|581
0|300546.SZ|1|582|582
0|301236.SZ|1|583|583
1|601456.SH|1|584|584
2|836247.BJ|1|585|585
1|600117.SH|1|586|586
1|603178.SH|1|587|587
1|600503.SH|1|588|588
0|002045.SZ|1|589|589
1|603087.SH|1|590|590
1|603124.SH|1|591|591
1|601677.SH|1|592|592
0|002248.SZ|1|593|593
0|002885.SZ|1|594|594
1|600549.SH|1|595|595
1|600436.SH|1|596|596
0|300066.SZ|1|597|597
0|300528.SZ|1|598|598
0|300430.SZ|1|599|599
1|600446.SH|1|600|600
0|300232.SZ|1|601|601
1|601608.SH|1|602|602
1|605298.SH|1|603|603
0|002171.SZ|1|604|604
0|300830.SZ|1|605|605
0|300811.SZ|1|606|606
0|300184.SZ|1|607|607
0|301132.SZ|1|608|608
0|300378.SZ|1|609|609
0|002602.SZ|1|610|610
0|002640.SZ|1|611|611
0|300315.SZ|1|612|612
0|300327.SZ|1|613|613
0|300738.SZ|1|614|614
1|605117.SH|1|615|615
0|002617.SZ|1|616|616
0|002465.SZ|1|617|617
0|002436.SZ|1|618|618
0|002015.SZ|1|619|619
0|002768.SZ|1|620|620
0|002055.SZ|1|621|621
0|300666.SZ|1|622|622
0|300782.SZ|1|623|623
0|000796.SZ|1|624|624
1|603955.SH|1|625|625
1|600221.SH|1|626|626
0|300757.SZ|1|627|627
0|002202.SZ|1|628|628
0|002048.SZ|1|629|629
1|601375.SH|1|630|630
0|300078.SZ|1|631|631
0|002123.SZ|1|632|632
0|300739.SZ|1|633|633
1|601633.SH|1|634|634
0|000670.SZ|1|635|635
0|002056.SZ|1|636|636
0|002576.SZ|1|637|637
1|600198.SH|1|638|638
0|003033.SZ|1|639|639
1|603728.SH|1|640|640
1|600100.SH|1|641|641
1|603920.SH|1|642|642
0|002850.SZ|1|643|643
0|300063.SZ|1|644|644
1|600941.SH|1|645|645
0|002213.SZ|1|646|646
1|688379.SH|1|647|647
0|301221.SZ|1|648|648
1|601728.SH|1|649|649
1|600552.SH|1|650|650
0|002812.SZ|1|651|651
0|002178.SZ|1|652|652
0|301269.SZ|1|653|653
0|000785.SZ|1|654|654
1|605111.SH|1|655|655
1|601066.SH|1|656|656
0|002706.SZ|1|657|657
0|000723.SZ|1|658|658
0|002204.SZ|1|659|659
1|603130.SH|1|660|660
0|300409.SZ|1|661|661
1|601555.SH|1|662|662
1|600048.SH|1|663|663
0|301323.SZ|1|664|664
1|601877.SH|1|665|665
0|000999.SZ|1|666|666
0|300459.SZ|1|667|667
0|300214.SZ|1|668|668
0|300677.SZ|1|669|669
0|300674.SZ|1|670|670
1|600585.SH|1|671|671
0|000799.SZ|1|672|672
1|600332.SH|1|673|673
1|688448.SH|1|674|674
0|002215.SZ|1|675|675
1|688676.SH|1|676|676
0|000011.SZ|1|677|677
0|002400.SZ|1|678|678
0|002026.SZ|1|679|679
1|600362.SH|1|680|680
1|603350.SH|1|681|681
0|301479.SZ|1|682|682
1|603373.SH|1|683|683
0|002389.SZ|1|684|684
0|002246.SZ|1|685|685
0|002492.SZ|1|686|686
0|000555.SZ|1|687|687
0|002497.SZ|1|688|688
1|600325.SH|1|689|689
0|300885.SZ|1|690|690
0|301196.SZ|1|691|691
0|300252.SZ|1|692|692
0|301421.SZ|1|693|693
0|300857.SZ|1|694|694
2|835438.BJ|1|695|695
1|600109.SH|1|696|696
1|601089.SH|1|697|697
1|603606.SH|1|698|698
0|002250.SZ|1|699|699
0|002741.SZ|1|700|700
1|600104.SH|1|701|701
0|301678.SZ|1|702|702
0|002546.SZ|1|703|703
0|301529.SZ|1|704|704
1|600425.SH|1|705|705
0|300037.SZ|1|706|706
0|000678.SZ|1|707|707
0|002426.SZ|1|708|708
0|300035.SZ|1|709|709
0|300050.SZ|1|710|710
0|300328.SZ|1|711|711
0|000981.SZ|1|712|712
0|002407.SZ|1|713|713
1|600089.SH|1|714|714
1|601139.SH|1|715|715
0|002674.SZ|1|716|716
0|003005.SZ|1|717|717
0|300699.SZ|1|718|718
0|300753.SZ|1|719|719
1|600651.SH|1|720|720
0|300527.SZ|1|721|721
0|002926.SZ|1|722|722
1|601236.SH|1|723|723
1|603662.SH|1|724|724
1|603496.SH|1|725|725
0|000014.SZ|1|726|726
1|605378.SH|1|727|727
0|000533.SZ|1|728|728
0|300604.SZ|1|729|729
1|603456.SH|1|730|730
0|300872.SZ|1|731|731
0|300990.SZ|1|732|732
0|000962.SZ|1|733|733
0|300196.SZ|1|734|734
1|600611.SH|1|735|735
1|603283.SH|1|736|736
0|000953.SZ|1|737|737
0|301022.SZ|1|738|738
0|300408.SZ|1|739|739
0|002783.SZ|1|740|740
0|300579.SZ|1|741|741
0|000823.SZ|1|742|742
0|002108.SZ|1|743|743
1|601328.SH|1|744|744
0|300793.SZ|1|745|745
0|002302.SZ|1|746|746
0|003021.SZ|1|747|747
0|000010.SZ|1|748|748
1|600495.SH|1|749|749
0|002167.SZ|1|750|750
1|600061.SH|1|751|751
0|000878.SZ|1|752|752
0|002472.SZ|1|753|753
0|002490.SZ|1|754|754
0|002714.SZ|1|755|755
0|300855.SZ|1|756|756
0|301658.SZ|1|757|757
1|600690.SH|1|758|758
0|300660.SZ|1|759|759
0|000716.SZ|1|760|760
1|603129.SH|1|761|761
0|002405.SZ|1|762|762
0|300226.SZ|1|763|763
1|600855.SH|1|764|764
0|000032.SZ|1|765|765
0|300844.SZ|1|766|766
1|601086.SH|1|767|767
0|300760.SZ|1|768|768
1|600545.SH|1|769|769
0|002881.SZ|1|770|770
1|601336.SH|1|771|771
0|300533.SZ|1|772|772
1|600375.SH|1|773|773
0|301366.SZ|1|774|774
0|300058.SZ|1|775|775
1|601136.SH|1|776|776
1|603288.SH|1|777|777
1|688729.SH|1|778|778
0|300383.SZ|1|779|779
0|300281.SZ|1|780|780
1|601901.SH|1|781|781
1|600405.SH|1|782|782
1|600361.SH|1|783|783
1|601059.SH|1|784|784
1|600226.SH|1|785|785
1|600250.SH|1|786|786
1|600850.SH|1|787|787
1|688158.SH|1|788|788
0|300009.SZ|1|789|789
1|603063.SH|1|790|790
0|000801.SZ|1|791|791
1|600390.SH|1|792|792
1|600602.SH|1|793|793
1|600106.SH|1|794|794
0|000001.SZ|1|795|795
0|300644.SZ|1|796|796
0|300118.SZ|1|797|797
0|002937.SZ|1|798|798
0|300002.SZ|1|799|799
0|001306.SZ|1|800|800
1|601990.SH|1|801|801
0|002139.SZ|1|802|802
0|300600.SZ|1|803|803
0|002305.SZ|1|804|804
0|002189.SZ|1|805|805
0|300343.SZ|1|806|806
0|002424.SZ|1|807|807
0|300192.SZ|1|808|808
0|300130.SZ|1|809|809
0|002901.SZ|1|810|810
0|301326.SZ|1|811|811
0|002516.SZ|1|812|812
1|601939.SH|1|813|813
0|300180.SZ|1|814|814
1|603579.SH|1|815|815
0|300441.SZ|1|816|816
0|000016.SZ|1|817|817
1|600809.SH|1|818|818
0|300207.SZ|1|819|819
0|000628.SZ|1|820|820
0|300790.SZ|1|821|821
1|688800.SH|1|822|822
0|300623.SZ|1|823|823
1|600654.SH|1|824|824
1|600085.SH|1|825|825
1|601766.SH|1|826|826
1|600120.SH|1|827|827
1|600905.SH|1|828|828
1|600633.SH|1|829|829
0|301165.SZ|1|830|830
0|000056.SZ|1|831|831
0|300455.SZ|1|832|832
1|688035.SH|1|833|833
0|000510.SZ|1|834|834
0|002331.SZ|1|835|835
1|603126.SH|1|836|836
1|603189.SH|1|837|837
0|000922.SZ|1|838|838
1|603035.SH|1|839|839
1|601198.SH|1|840|840
0|002428.SZ|1|841|841
0|300158.SZ|1|842|842
0|300999.SZ|1|843|843
1|600458.SH|1|844|844
1|603185.SH|1|845|845
1|605277.SH|1|846|846
0|000021.SZ|1|847|847
1|603011.SH|1|848|848
0|002271.SZ|1|849|849
0|002882.SZ|1|850|850
1|601311.SH|1|851|851
0|301200.SZ|1|852|852
1|603612.SH|1|853|853
0|002152.SZ|1|854|854
1|601628.SH|1|855|855
0|002643.SZ|1|856|856
0|002324.SZ|1|857|857
0|000987.SZ|1|858|858
0|300293.SZ|1|859|859
1|605228.SH|1|860|860
0|300850.SZ|1|861|861
0|300414.SZ|1|862|862
1|600516.SH|1|863|863
1|688195.SH|1|864|864
1|601002.SH|1|865|865
1|688582.SH|1|866|866
0|300246.SZ|1|867|867
1|600826.SH|1|868|868
1|600845.SH|1|869|869
1|603366.SH|1|870|870
1|603611.SH|1|871|871
0|002514.SZ|1|872|872
1|600380.SH|1|873|873
0|300169.SZ|1|874|874
0|300213.SZ|1|875|875
0|300903.SZ|1|876|876
0|301095.SZ|1|877|877
0|300963.SZ|1|878|878
1|600537.SH|1|879|879
1|603650.SH|1|880|880
0|000166.SZ|1|881|881
1|603081.SH|1|882|882
0|000721.SZ|1|883|883
0|002369.SZ|1|884|884
0|002225.SZ|1|885|885
1|600406.SH|1|886|886
0|300661.SZ|1|887|887
0|002432.SZ|1|888|888
1|600801.SH|1|889|889
1|601108.SH|1|890|890
0|002226.SZ|1|891|891
1|600906.SH|1|892|892
1|601377.SH|1|893|893
0|001283.SZ|1|894|894
0|002520.SZ|1|895|895
1|600919.SH|1|896|896
1|600016.SH|1|897|897
0|000568.SZ|1|898|898
0|301181.SZ|1|899|899
0|301413.SZ|1|900|900
0|002775.SZ|1|901|901
0|300548.SZ|1|902|902
1|688313.SH|1|903|903
0|000564.SZ|1|904|904
0|300008.SZ|1|905|905
0|000559.SZ|1|906|906
1|600563.SH|1|907|907
0|000877.SZ|1|908|908
0|002287.SZ|1|909|909
0|300725.SZ|1|910|910
0|002196.SZ|1|911|911
0|002279.SZ|1|912|912
1|600590.SH|1|913|913
1|603538.SH|1|914|914
0|002607.SZ|1|915|915
0|300403.SZ|1|916|916
0|002312.SZ|1|917|917
0|000563.SZ|1|918|918
0|300772.SZ|1|919|919
0|002693.SZ|1|920|920
1|600478.SH|1|921|921
0|300607.SZ|1|922|922
0|300354.SZ|1|923|923
1|600369.SH|1|924|924
0|300450.SZ|1|925|925
0|000948.SZ|1|926|926
0|002406.SZ|1|927|927
2|872808.BJ|1|928|928
1|603037.SH|1|929|929
1|601698.SH|1|930|930
0|002550.SZ|1|931|931
0|002830.SZ|1|932|932
1|601857.SH|1|933|933
0|000534.SZ|1|934|934
0|002648.SZ|1|935|935
0|002086.SZ|1|936|936
1|603690.SH|1|937|937
0|002120.SZ|1|938|938
1|601816.SH|1|939|939
0|000681.SZ|1|940|940
1|688469.SH|1|941|941
0|002383.SZ|1|942|942
0|002761.SZ|1|943|943
1|600685.SH|1|944|944
0|301502.SZ|1|945|945
1|600893.SH|1|946|946
1|603068.SH|1|947|947
0|002129.SZ|1|948|948
0|001979.SZ|1|949|949
0|000733.SZ|1|950|950
0|301021.SZ|1|951|951
0|002826.SZ|1|952|952
0|000006.SZ|1|953|953
0|300896.SZ|1|954|954
1|688721.SH|1|955|955
0|301078.SZ|1|956|956
0|000623.SZ|1|957|957
0|000547.SZ|1|958|958
0|002902.SZ|1|959|959
0|000661.SZ|1|960|960
0|002730.SZ|1|961|961
0|300769.SZ|1|962|962
0|000528.SZ|1|963|963
0|002724.SZ|1|964|964
0|002362.SZ|1|965|965
0|002500.SZ|1|966|966
1|600702.SH|1|967|967
1|603890.SH|1|968|968
0|300762.SZ|1|969|969
0|000792.SZ|1|970|970
0|300041.SZ|1|971|971
1|600567.SH|1|972|972
1|603131.SH|1|973|973
0|002277.SZ|1|974|974
0|002846.SZ|1|975|975
0|300276.SZ|1|976|976
0|002530.SZ|1|977|977
0|300709.SZ|1|978|978
0|300732.SZ|1|979|979
0|301510.SZ|1|980|980
0|002827.SZ|1|981|981
0|300678.SZ|1|982|982
0|300003.SZ|1|983|983
1|600233.SH|1|984|984
0|300672.SZ|1|985|985
0|002077.SZ|1|986|986
0|002664.SZ|1|987|987
1|600550.SH|1|988|988
1|601869.SH|1|989|989
0|002735.SZ|1|990|990
1|601668.SH|1|991|991
0|002153.SZ|1|992|992
0|002862.SZ|1|993|993
0|300608.SZ|1|994|994
0|002580.SZ|1|995|995
1|601595.SH|1|996|996
1|601390.SH|1|997|997
0|002501.SZ|1|998|998
1|603200.SH|1|999|999
2|838402.BJ|1|1000|1000
0|300846.SZ|1|1001|1001
0|002009.SZ|1|1002|1002
1|600535.SH|1|1003|1003
0|002552.SZ|1|1004|1004
0|301226.SZ|1|1005|1005
0|002821.SZ|1|1006|1006
0|300859.SZ|1|1007|1007
0|002010.SZ|1|1008|1008
0|000636.SZ|1|1009|1009
0|002095.SZ|1|1010|1010
0|002815.SZ|1|1011|1011
0|300070.SZ|1|1012|1012
0|000758.SZ|1|1013|1013
0|002454.SZ|1|1014|1014
1|600232.SH|1|1015|1015
1|600789.SH|1|1016|1016
0|002373.SZ|1|1017|1017
1|600938.SH|1|1018|1018
0|002717.SZ|1|1019|1019
1|688146.SH|1|1020|1020
1|603176.SH|1|1021|1021
0|002542.SZ|1|1022|1022
0|301171.SZ|1|1023|1023
1|600468.SH|1|1024|1024
0|300021.SZ|1|1025|1025
0|002807.SZ|1|1026|1026
0|300364.SZ|1|1027|1027
0|002393.SZ|1|1028|1028
0|300053.SZ|1|1029|1029
0|300386.SZ|1|1030|1030
0|300992.SZ|1|1031|1031
0|301048.SZ|1|1032|1032
0|002654.SZ|1|1033|1033
1|688525.SH|1|1034|1034
0|002865.SZ|1|1035|1035
1|603811.SH|1|1036|1036
1|603106.SH|1|1037|1037
0|300413.SZ|1|1038|1038
1|600186.SH|1|1039|1039
未知|302132.SZ|1|1040|1040
1|688235.SH|1|1041|1041
0|002150.SZ|1|1042|1042
0|301120.SZ|1|1043|1043
0|003816.SZ|1|1044|1044
2|873693.BJ|1|1045|1045
0|002584.SZ|1|1046|1046
0|002036.SZ|1|1047|1047
0|002151.SZ|1|1048|1048
0|300581.SZ|1|1049|1049
1|600518.SH|1|1050|1050
0|002628.SZ|1|1051|1051
0|001379.SZ|1|1052|1052
0|301358.SZ|1|1053|1053
1|600918.SH|1|1054|1054
1|688122.SH|1|1055|1055
0|002210.SZ|1|1056|1056
0|300429.SZ|1|1057|1057
1|603296.SH|1|1058|1058
0|300353.SZ|1|1059|1059
1|600201.SH|1|1060|1060
0|300012.SZ|1|1061|1061
0|002401.SZ|1|1062|1062
0|001331.SZ|1|1063|1063
0|001339.SZ|1|1064|1064
1|600977.SH|1|1065|1065
0|300182.SZ|1|1066|1066
0|002292.SZ|1|1067|1067
0|000400.SZ|1|1068|1068
0|300961.SZ|1|1069|1069
0|300465.SZ|1|1070|1070
0|300170.SZ|1|1071|1071
0|300316.SZ|1|1072|1072
0|000969.SZ|1|1073|1073
1|600506.SH|1|1074|1074
0|300253.SZ|1|1075|1075
0|002519.SZ|1|1076|1076
0|000576.SZ|1|1077|1077
1|601179.SH|1|1078|1078
2|835179.BJ|1|1079|1079
0|002361.SZ|1|1080|1080
1|600301.SH|1|1081|1081
1|603466.SH|1|1082|1082
1|603712.SH|1|1083|1083
1|600529.SH|1|1084|1084
0|002531.SZ|1|1085|1085
0|002736.SZ|1|1086|1086
1|688508.SH|1|1087|1087
0|002067.SZ|1|1088|1088
1|600118.SH|1|1089|1089
0|002920.SZ|1|1090|1090
1|688012.SH|1|1091|1091
1|600372.SH|1|1092|1092
0|300279.SZ|1|1093|1093
1|603518.SH|1|1094|1094
0|002779.SZ|1|1095|1095
0|002040.SZ|1|1096|1096
1|601020.SH|1|1097|1097
0|002352.SZ|1|1098|1098
1|603306.SH|1|1099|1099
1|603228.SH|1|1100|1100
1|600869.SH|1|1101|1101
1|600452.SH|1|1102|1102
1|601958.SH|1|1103|1103
0|002603.SZ|1|1104|1104
1|601003.SH|1|1105|1105
0|000612.SZ|1|1106|1106
1|600999.SH|1|1107|1107
1|600009.SH|1|1108|1108
0|000837.SZ|1|1109|1109
0|300624.SZ|1|1110|1110
0|000541.SZ|1|1111|1111
0|002420.SZ|1|1112|1112
0|002685.SZ|1|1113|1113
0|002303.SZ|1|1114|1114
0|301398.SZ|1|1115|1115
0|002182.SZ|1|1116|1116
0|000958.SZ|1|1117|1117
0|002613.SZ|1|1118|1118
0|300493.SZ|1|1119|1119
0|300771.SZ|1|1120|1120
0|002231.SZ|1|1121|1121
1|600256.SH|1|1122|1122
0|300319.SZ|1|1123|1123
0|300568.SZ|1|1124|1124
1|603119.SH|1|1125|1125
0|000665.SZ|1|1126|1126
1|603928.SH|1|1127|1127
0|300351.SZ|1|1128|1128
0|002733.SZ|1|1129|1129
0|300642.SZ|1|1130|1130
0|000728.SZ|1|1131|1131
1|603906.SH|1|1132|1132
0|301396.SZ|1|1133|1133
1|601319.SH|1|1134|1134
1|603937.SH|1|1135|1135
1|600096.SH|1|1136|1136
1|603587.SH|1|1137|1137
1|688667.SH|1|1138|1138
0|000965.SZ|1|1139|1139
0|002655.SZ|1|1140|1140
0|000600.SZ|1|1141|1141
0|003010.SZ|1|1142|1142
0|002800.SZ|1|1143|1143
0|002925.SZ|1|1144|1144
0|300875.SZ|1|1145|1145
0|000762.SZ|1|1146|1146
1|603399.SH|1|1147|1147
未知|920101.BJ|1|1148|1148
0|002028.SZ|1|1149|1149
0|300415.SZ|1|1150|1150
0|002007.SZ|1|1151|1151
1|600595.SH|1|1152|1152
1|600795.SH|1|1153|1153
1|600528.SH|1|1154|1154
0|002564.SZ|1|1155|1155
0|301377.SZ|1|1156|1156
1|603960.SH|1|1157|1157
1|601818.SH|1|1158|1158
1|603009.SH|1|1159|1159
0|002467.SZ|1|1160|1160
0|000425.SZ|1|1161|1161
0|301486.SZ|1|1162|1162
0|300703.SZ|1|1163|1163
0|002929.SZ|1|1164|1164
1|600115.SH|1|1165|1165
1|600072.SH|1|1166|1166
1|603738.SH|1|1167|1167
0|002268.SZ|1|1168|1168
0|002304.SZ|1|1169|1169
0|300902.SZ|1|1170|1170
0|300285.SZ|1|1171|1171
1|603086.SH|1|1172|1172
0|002030.SZ|1|1173|1173
0|002266.SZ|1|1174|1174
1|603269.SH|1|1175|1175
0|300399.SZ|1|1176|1176
0|002434.SZ|1|1177|1177
1|601702.SH|1|1178|1178
0|301150.SZ|1|1179|1179
0|002582.SZ|1|1180|1180
0|000851.SZ|1|1181|1181
1|603859.SH|1|1182|1182
0|000876.SZ|1|1183|1183
0|002149.SZ|1|1184|1184
1|603806.SH|1|1185|1185
1|603338.SH|1|1186|1186
0|000686.SZ|1|1187|1187
1|600338.SH|1|1188|1188
0|002738.SZ|1|1189|1189
1|688268.SH|1|1190|1190
1|605305.SH|1|1191|1191
0|300622.SZ|1|1192|1192
1|603969.SH|1|1193|1193
0|300333.SZ|1|1194|1194
0|301611.SZ|1|1195|1195
1|688097.SH|1|1196|1196
2|832662.BJ|1|1197|1197
0|301317.SZ|1|1198|1198
0|002019.SZ|1|1199|1199
0|002444.SZ|1|1200|1200
0|300505.SZ|1|1201|1201
0|003007.SZ|1|1202|1202
0|301297.SZ|1|1203|1203
0|300884.SZ|1|1204|1204
0|002457.SZ|1|1205|1205
0|002792.SZ|1|1206|1206
1|600763.SH|1|1207|1207
0|002427.SZ|1|1208|1208
1|601216.SH|1|1209|1209
1|603679.SH|1|1210|1210
0|002117.SZ|1|1211|1211
1|603345.SH|1|1212|1212
0|003023.SZ|1|1213|1213
0|300503.SZ|1|1214|1214
1|605066.SH|1|1215|1215
0|000530.SZ|1|1216|1216
0|000025.SZ|1|1217|1217
1|600222.SH|1|1218|1218
0|000029.SZ|1|1219|1219
0|300142.SZ|1|1220|1220
1|601212.SH|1|1221|1221
0|002599.SZ|1|1222|1222
1|605358.SH|1|1223|1223
1|603629.SH|1|1224|1224
0|300913.SZ|1|1225|1225
0|002833.SZ|1|1226|1226
0|002878.SZ|1|1227|1227
0|002270.SZ|1|1228|1228
0|300416.SZ|1|1229|1229
1|601166.SH|1|1230|1230
1|600644.SH|1|1231|1231
1|601908.SH|1|1232|1232
0|002921.SZ|1|1233|1233
1|605499.SH|1|1234|1234
0|000921.SZ|1|1235|1235
0|000807.SZ|1|1236|1236
0|300031.SZ|1|1237|1237
0|002534.SZ|1|1238|1238
0|300792.SZ|1|1239|1239
1|601991.SH|1|1240|1240
0|300683.SZ|1|1241|1241
0|002037.SZ|1|1242|1242
1|688249.SH|1|1243|1243
1|603369.SH|1|1244|1244
0|002042.SZ|1|1245|1245
0|300698.SZ|1|1246|1246
0|002922.SZ|1|1247|1247
1|600577.SH|1|1248|1248
0|300149.SZ|1|1249|1249
1|603500.SH|1|1250|1250
0|002410.SZ|1|1251|1251
0|002403.SZ|1|1252|1252
0|002981.SZ|1|1253|1253
0|300531.SZ|1|1254|1254
0|002022.SZ|1|1255|1255
1|600497.SH|1|1256|1256
0|003037.SZ|1|1257|1257
0|300796.SZ|1|1258|1258
1|600682.SH|1|1259|1259
0|002051.SZ|1|1260|1260
0|300304.SZ|1|1261|1261
0|300907.SZ|1|1262|1262
1|688401.SH|1|1263|1263
0|301308.SZ|1|1264|1264
1|600988.SH|1|1265|1265
1|600343.SH|1|1266|1266
1|601399.SH|1|1267|1267
1|603927.SH|1|1268|1268
0|300069.SZ|1|1269|1269
1|600621.SH|1|1270|1270
0|002115.SZ|1|1271|1271
0|002506.SZ|1|1272|1272
0|000157.SZ|1|1273|1273
0|300976.SZ|1|1274|1274
0|001221.SZ|1|1275|1275
0|300551.SZ|1|1276|1276
0|002125.SZ|1|1277|1277
1|603605.SH|1|1278|1278
0|000524.SZ|1|1279|1279
0|001391.SZ|1|1280|1280
0|300054.SZ|1|1281|1281
0|300127.SZ|1|1282|1282
0|002181.SZ|1|1283|1283
0|002385.SZ|1|1284|1284
0|301141.SZ|1|1285|1285
0|002027.SZ|1|1286|1286
1|600843.SH|1|1287|1287
0|300920.SZ|1|1288|1288
0|300638.SZ|1|1289|1289
0|300780.SZ|1|1290|1290
1|603056.SH|1|1291|1291
0|300292.SZ|1|1292|1292
0|300751.SZ|1|1293|1293
1|600600.SH|1|1294|1294
0|000039.SZ|1|1295|1295
0|300376.SZ|1|1296|1296
0|300967.SZ|1|1297|1297
0|300696.SZ|1|1298|1298
0|002988.SZ|1|1299|1299
1|600155.SH|1|1300|1300
1|600732.SH|1|1301|1301
0|001389.SZ|1|1302|1302
0|000676.SZ|1|1303|1303
0|002945.SZ|1|1304|1304
0|000973.SZ|1|1305|1305
0|300651.SZ|1|1306|1306
1|603737.SH|1|1307|1307
0|002489.SZ|1|1308|1308
0|002716.SZ|1|1309|1309
0|300776.SZ|1|1310|1310
1|603115.SH|1|1311|1311
0|000679.SZ|1|1312|1312
0|002468.SZ|1|1313|1313
0|002175.SZ|1|1314|1314
0|002526.SZ|1|1315|1315
0|300573.SZ|1|1316|1316
0|001395.SZ|1|1317|1317
1|603392.SH|1|1318|1318
0|300189.SZ|1|1319|1319
0|301259.SZ|1|1320|1320
0|300001.SZ|1|1321|1321
0|301595.SZ|1|1322|1322
0|000791.SZ|1|1323|1323
1|600996.SH|1|1324|1324
0|002760.SZ|1|1325|1325
0|301208.SZ|1|1326|1326
0|300287.SZ|1|1327|1327
1|601186.SH|1|1328|1328
0|002893.SZ|1|1329|1329
0|301338.SZ|1|1330|1330
0|002512.SZ|1|1331|1331
0|002429.SZ|1|1332|1332
1|600546.SH|1|1333|1333
0|003015.SZ|1|1334|1334
0|300331.SZ|1|1335|1335
0|002138.SZ|1|1336|1336
1|603383.SH|1|1337|1337
1|601061.SH|1|1338|1338
0|000629.SZ|1|1339|1339
1|688702.SH|1|1340|1340
1|600259.SH|1|1341|1341
0|301316.SZ|1|1342|1342
0|300005.SZ|1|1343|1343
0|300081.SZ|1|1344|1344
0|002624.SZ|1|1345|1345
1|600881.SH|1|1346|1346
1|600751.SH|1|1347|1347
1|600156.SH|1|1348|1348
1|600885.SH|1|1349|1349
0|300953.SZ|1|1350|1350
0|002029.SZ|1|1351|1351
0|000633.SZ|1|1352|1352
0|002843.SZ|1|1353|1353
1|603059.SH|1|1354|1354
1|600730.SH|1|1355|1355
1|601916.SH|1|1356|1356
0|000812.SZ|1|1357|1357
0|000903.SZ|1|1358|1358
1|600391.SH|1|1359|1359
0|300045.SZ|1|1360|1360
1|601006.SH|1|1361|1361
0|300453.SZ|1|1362|1362
0|300735.SZ|1|1363|1363
1|603212.SH|1|1364|1364
0|300363.SZ|1|1365|1365
1|600598.SH|1|1366|1366
1|603121.SH|1|1367|1367
0|300010.SZ|1|1368|1368
0|000768.SZ|1|1369|1369
0|002326.SZ|1|1370|1370
1|688126.SH|1|1371|1371
1|603985.SH|1|1372|1372
1|600011.SH|1|1373|1373
1|600258.SH|1|1374|1374
1|601658.SH|1|1375|1375
0|002119.SZ|1|1376|1376
0|301318.SZ|1|1377|1377
1|603583.SH|1|1378|1378
0|002212.SZ|1|1379|1379
0|300641.SZ|1|1380|1380
1|600027.SH|1|1381|1381
0|002416.SZ|1|1382|1382
0|300235.SZ|1|1383|1383
0|000813.SZ|1|1384|1384
0|002376.SZ|1|1385|1385
0|300061.SZ|1|1386|1386
1|601008.SH|1|1387|1387
1|603030.SH|1|1388|1388
1|688270.SH|1|1389|1389
1|603305.SH|1|1390|1390
1|688322.SH|1|1391|1391
1|605136.SH|1|1392|1392
1|688169.SH|1|1393|1393
1|600660.SH|1|1394|1394
1|601169.SH|1|1395|1395
1|688599.SH|1|1396|1396
0|002575.SZ|1|1397|1397
0|300981.SZ|1|1398|1398
1|688621.SH|1|1399|1399
0|002757.SZ|1|1400|1400
